digit frequent_sequences_with_supports sup_thresh min_len_thresh cluster_max_dist
0 223344444445555 0.67 334444444455667 0.67 0.66 0.3 2.0
1 4560000001010 0.57 344444444444 0.57 0.6 0.3 3.0
2 667011222100 0.5 223444444443 0.5 665667011211 0.5 0.5 0.2 2.0
3 53345566667 0.55 22233455334 0.54 0.5 0.2 2.0
4 344554445 0.48 555456700 0.47 0.45 0.2 2.0
5 56533345556666 0.4 22235666665 0.43 0.43 0.25 2.0
6 33445556667700001 0.55 0.5 0.3 2.0
7 2344545544570010 0.52 0.5 0.3 2.0
8 3444556677700 0.5 0.5 0.3 2.0
9 22234445545554567010 0.51 0.55 0.4 2.0